# Created by Octave 4.0.0, Wed Jul 20 00:51:40 2016 EDT <pavan@tacyon>
# name: Theta1
# type: matrix
# rows: 25
# columns: 9
 -2.145373104327479 -7.835183434207762 -2.429327579372821 -6.085699869941966 1.856274425047677 2.015793167501756 -2.299715733800034 -7.877058240581325 -2.390429652115617
 0.517320168351003 -5.638020879270821 -1.24998251925979 -2.40512189580168 1.740190063012021 -4.106063022168216 0.602014569917464 -5.551450352041666 -1.130487145412966
 0.1041724588047417 0.7365739516434633 4.628301915451917 -0.5827269288758142 -0.1708940325639182 -8.334217551522743 0.05583900138830494 0.7664791371406083 4.687438940598101
 -0.2331365736576281 -2.646208085958386 0.7061111139232986 2.633220822092631 -8.898555532559204 -7.018938523076354 -0.1811543820468314 -2.613059111816334 0.5478364759163133
 -1.705087322570968 -4.679883124050042 -1.090353632015732 3.671248842962273 8.086353612555385 -2.469627417208569 -1.723869287129368 -4.687598832907183 -1.154863757543961
 -1.492141389982068 -5.712594053284988 5.653906017224251 0.3011398222974785 -1.123191734570221 -4.849921254827065 -1.584732124596991 -5.62578032764891 5.678750725088634
 -1.027362530036087 -4.551182260979409 -1.275443386022242 -5.785102752886343 10.36749695585298 -0.03376693472628638 -1.127727048442489 -4.597084415667116 -1.173555187234123
 0.9882721224744723 -4.435206447029449 2.461724319588387 0.3122600326807029 1.266261019126052 -4.478079607626305 1.195005271834072 -4.506523859751557 2.398921366718878
 -2.201941407357626 -2.22821663613496 -1.369397150741716 -1.193465147687159 0.7884261092678236 4.5262769914958 -2.272219998483476 -2.192697087210301 -1.3302190161046
 1.942176244221095 -1.242173815133155 -2.915988814875904 -4.427716402653832 10.66296218644687 3.281590453275969 1.82483607701677 -1.238225974070736 -3.016202225084028
 1.142826713950979 -2.733030147619645 4.131945563120735 4.360413778070741 0.02995783715918663 0.1446780055773194 1.088459894843088 -2.706865129363615 4.329475859444595
 -1.325670266919313 -8.023499610099739 3.169184620733426 0.4111293877268606 2.594713123876594 -1.027289662693482 -1.181439147058695 -7.939000373921929 3.236142642684684
 -0.6036773247712391 -8.817176076200546 1.964461682444794 -5.925004644285083 8.198560793197213 2.914328502408263 -0.4691985569602142 -8.830208390065776 1.87831303500714
 -6.114013429463774 -6.482366928675416 -0.5050581733853227 8.209958978611436 -5.393216020309318 4.820807632901449 -6.127405729305193 -6.388965045790756 -0.594073117889886
 2.534336562454032 2.210379737084516 -0.6150644652177242 4.388599408467523 -7.388513826291517 -2.823522162990029 2.432593434522904 2.287742423903815 -0.653156793857153
 2.41713051709293 0.9888671373481656 -0.339075512999192 -2.772653585937646 -0.6895712781477019 -4.232090873204679 2.363405948002241 1.201236266501309 -0.3674488372788285
 0.6775596766047536 0.524743080729298 -2.813116835284817 14.85736865257215 9.227941628645322 -6.465283499130376 0.6175887066893488 0.4135439354273298 -2.793271932611123
 -1.424249540950874 -4.360022114740434 -1.603574828569727 -15.83220588449354 5.983211341711051 -0.2877068392921187 -1.521955716445496 -4.512843422916915 -1.572847193193882
 -2.774305135315631 2.538251293153116 2.352984236760376 -0.3675593961096721 -2.205210606955627 -2.349271893615942 -2.818518196187737 2.371478787561239 2.441566392326656
 -4.576145796063678 -4.554933280565498 -0.1165294106074282 2.831442296197337 -2.051032509634983 2.57447817636011 -4.50418367469008 -4.666996514361936 -0.3351507968398788
 0.4914729389453754 -4.907315597639681 -1.871837172143717 3.472642560373286 8.487692228309488 -3.75237658705488 0.6103897532433127 -5.023937247145142 -1.720142466854212
 -2.004616997343372 0.2529246607668045 0.3164428554560771 -11.61739748507936 -10.0998476164864 1.471221594358989 -1.963028987881894 0.3860134931963654 0.4075072699758514
 3.167534457157953 -3.70994674093292 2.46417488305562 -3.718600150593625 -0.2435598752531446 -6.515841779433782 3.300381583540058 -3.605744697752925 2.426635433144316
 1.757400749639021 -1.33609508171484 -2.971164905488941 -6.198939684434763 -1.046704023683917 1.120723513488425 1.673607470541197 -1.259408462408595 -2.92666242809789
 -2.210408038753222 0.2484171773105485 9.18226175303217 8.125184765956131 -10.96402272324238 9.147651439239457 -2.222866120807737 0.204953849932066 9.307046038540793


