# Created by Octave 4.0.0, Wed Jul 20 00:51:52 2016 EDT <pavan@tacyon>
# name: Theta2
# type: matrix
# rows: 4
# columns: 26
 -2.008053400603657 -5.014512208080202 -7.30287536607682 6.450931966481327 11.65710626185842 -7.035410443180301 -6.079157183068641 1.863008151451214 -3.204354410185799 1.612402328561916 2.691700098169741 5.395111433752023 6.633850090912246 15.24612699209437 -5.465242563716305 1.368105685461509 -2.702264998358697 -13.17136791277501 3.558680236000987 -6.932521438763963 -7.801309141451404 9.223170305752539 -5.350450555161125 -8.240352658906719 -9.359800254270928 9.344734557345809
 -6.215219877247102 7.433832001491696 6.620704270085064 -10.38780701824523 -8.15797161882853 7.877990521324526 8.048577416638192 15.51744403057135 -0.6867570346523019 -7.657236008310282 3.480735908291595 -5.123363896638142 -15.58365742984214 -10.36791575316332 9.38369104207553 -6.648623588781429 6.403716510689631 7.534864271271997 -18.88632325716231 4.511236950259621 0.8615957831074766 3.057156421936389 -8.508957310332427 7.562025922930208 6.574787992719515 -9.742700451007405
 1.395271011787555 -6.230073394417198 2.621015788758572 4.371240222068812 2.604472039937372 -2.671479411417926 -4.92586675614325 -10.27518414478125 3.228693315568487 4.1819176658771 -4.912328458636131 5.247517785620468 -0.6229066324517968 -10.48935545972632 -1.635162256809805 -5.939483844869041 -2.197981450375504 -1.565483817202137 -6.327497171083437 6.780053437164133 4.114030270804926 0.3113369447747383 -5.838527067706488 -0.8061911393300621 4.189628681962561 6.48627253584602
 -4.718379284732443 5.312185641707253 -0.8845726820017653 -0.233740215088105 -0.3917058363747885 -2.287991176638841 -3.519960570811832 -12.4147452688157 3.84712751261806 -1.348042587351444 7.224892469392253 -5.109714124620029 2.286089342665449 0.9152673838110748 7.836717788121425 7.330884371035909 -5.81130020592123 4.214331904056215 13.079509292897 -3.281758596812104 1.132734309731197 -9.519978578932664 11.10358427858123 -1.358411907971035 -10.62346929564341 -14.65700078793407


