# Created by Octave 4.0.0, Mon Sep 12 22:04:38 2016 EDT <pavan@tacyon>
# name: weights
# type: matrix
# rows: 160
# columns: 1
 1.807090251301118
 1.979056194866849
 -8.171470132338985
 9.35409079275272
 -10.00800041161605
 -1.662644457204146
 -4.582364308694784
 0.5195730886291803
 0.2435484415710354
 -1.973877942161175
 -5.707010029554462
 0.6411733814926638
 -13.96465233269325
 1.553331382803328
 6.621726217114606
 -1.027997673912603
 -4.662271260784186
 -1.083696893238077
 -6.375920972989051
 -4.7870477577467
 -2.332100576563772
 -3.671050727882428
 -7.566149083045654
 -5.143348856328714
 0.06470165294820121
 -1.54125911140398
 -7.409463642802728
 -4.061396727874886
 -3.871326713919333
 -5.228134432049115
 -4.884742148749175
 -0.7660395147035425
 6.300695405156625
 1.526864313275465
 -0.1461089971538764
 -1.438702324303423
 1.627111315434946
 -4.535817488463615
 -2.665286374422254
 5.218112148141265
 2.39122011801872
 -0.3044404786585738
 1.982345951396735
 -2.023103099576931
 0.7595230948296879
 0.8745921696729596
 3.099533203569419
 2.020608061940455
 0.07970744786341864
 -6.018551262080732
 2.192630600342113
 -5.396735329775089
 -2.77100545881365
 -0.7598597505262391
 -3.106588547834954
 -2.425280995226299
 -6.640416276827802
 -2.382077148614514
 -3.415986479054965
 -4.502869110935549
 0.5667186016425776
 -1.619176448789982
 -0.5659043226177691
 1.048414885225523
 -0.9233145557093408
 1.160183618721652
 -0.7686163090242972
 -1.296664298230898
 -1.453332883815001
 -3.124096593132124
 2.729881130692127
 -5.771898826231881
 3.312294480340365
 3.430444919839989
 5.123687279162129
 -1.980090839544274
 3.950662381311928
 0.5839056525274376
 0.4366157978242994
 7.593343938288626
 -5.125855187241331
 -10.35185092518238
 0.945845939305953
 2.901464525724196
 -10.48538087241492
 -6.19314809949779
 -7.981638807452204
 1.951636272524854
 0.1315600887298722
 -0.1675057549226637
 6.813701218580593
 -3.846770758979293
 -1.159955864813603
 10.38672795279998
 2.819143043266981
 -10.13169866091533
 -8.149777034882526
 9.59284550224851
 -5.931424484410464
 -2.882789602477498
 -1.239377514092589
 3.814512902246106
 1.016422232167739
 -7.205993712513338
 5.558482390946134
 7.749088069889748
 -4.157301136830685
 9.925056663848352
 -5.465445258885002
 -7.869672400023282
 -1.145042723371723
 3.192660794987188
 -1.340531156505392
 -4.756800080420705
 4.724608224294849
 1.507665480460098
 6.166645021434364
 3.577817202989236
 1.009831935768738
 -10.31335966990295
 4.513126239026806
 -3.649902317019885
 -7.510806807337614
 0.1050360499458197
 -1.588685347720883
 -4.981114797687199
 6.425344999915636
 -1.078875327982206
 -8.035740212510058
 -3.237272328572698
 -8.937938010834372
 -11.260822825127
 -0.8679441865964335
 -12.62769009036071
 10.03076319826467
 1.114653296828324
 3.608380516906762
 0.3669635580446798
 -8.201673498971807
 2.280145922924984
 7.267392813699948
 -3.005858535799263
 5.326527190358851
 9.736690764492364
 -2.513249434384746
 -12.57855154400352
 -9.762019532540885
 -0.8222285627037376
 0.3247169719999153
 -2.262144746357774
 -9.278180130961085
 8.121210372940789
 3.858066116462845
 -3.119704640122001
 -14.58770418625521
 12.11063432803391
 0.9699595119877744
 1.115287068103435
 -1.663184926224607
 -3.833998715081117


