# Created by Octave 4.0.0, Fri Aug 05 01:41:58 2016 EDT <pavan@tacyon>
# name: weights
# type: matrix
# rows: 372
# columns: 1
 -2.787823880214317
 -2.675838995076731
 9.194883532121823
 -9.321085108796339
 3.435815985832567
 0.0947486736154713
 -0.5340348498601729
 6.963569457631249
 2.536723179021173
 2.756337548675501
 6.201309449405594
 0.4152552073758607
 2.597470673684475
 -2.996274208126372
 2.01945358385891
 -3.974511200968914
 -2.395245815513627
 -1.197929607971751
 3.090428022915996
 0.8811364054125367
 -8.788628090982632
 -1.601386742982084
 0.3968428915575062
 -9.409376844044717
 2.064873758545919
 0.2106317413566445
 0.6395732992571569
 -5.050671994996967
 -1.221386509259741
 4.874936082497539
 1.157220311524874
 10.62039307653537
 5.421676524852646
 -3.50872551492421
 4.908972598656599
 7.19565140899437
 1.217121849335938
 -5.739683700435494
 1.607692507939307
 5.622749266815492
 0.1377676567553392
 3.224054214906107
 -6.856297188707954
 0.6933124284689886
 -0.4051175924229454
 1.182107819641705
 1.477223698198267
 -1.642323536907537
 1.92599064762543
 2.34763206586557
 1.628794901182013
 1.14856177161015
 -3.964297470191768
 4.188464290385078
 -4.520735134569694
 -5.387506372240366
 4.371328067724672
 1.296885557091548
 2.509445839134605
 2.868891416730346
 -3.750028629985469
 -3.340562969545166
 -2.851960121299301
 -4.151535427442782
 -3.150600245309333
 2.270720415763127
 4.013892501977716
 -2.893804154080073
 1.936368494286519
 5.245608446987955
 2.861811864658295
 0.9308225081730462
 2.050288159993541
 3.266135409889439
 1.916881694101089
 3.443170341797497
 -1.106778076790791
 2.634060363525176
 4.235892109822197
 0.5037624499484276
 -1.59957598504122
 -4.477162468574762
 -0.2980398797749482
 -4.564314537844813
 -6.230463703278456
 5.192424348685181
 3.329548539103085
 5.206795682342896
 -3.726828055493795
 0.6025809335967273
 1.901320391157675
 -4.711186108339888
 -2.602670122276552
 4.633689094204057
 0.900716586499399
 -1.23205041470841
 -7.525392224917887
 2.610276449391498
 4.084790496378921
 0.7443956403795207
 -1.292294060368926
 -0.7662865411832307
 2.704459498325543
 -1.089736457438979
 1.563497822427728
 -0.860709464308371
 1.684666407462241
 0.498279590337627
 -3.935310906864669
 -1.198458989634115
 -3.255747023087621
 1.223542814607924
 1.762583141601914
 -1.925773700533758
 -0.8776060378230903
 0.6461301757059111
 0.199886820198477
 -1.908319857367026
 0.004169899805076161
 4.973063414846904
 -7.336243352580763
 -6.234765171717034
 -3.771057433697569
 -5.322902494713248
 -3.438474126961379
 -7.809946130417541
 -2.086575859464372
 -4.980563550955932
 -10.87703165054596
 -7.865008933808689
 -6.605916570068037
 -5.546379907941961
 0.9060590945812897
 -0.1500254580471503
 3.318443046119244
 1.528848386893185
 4.695174880390019
 3.604575259305316
 -5.052921165394642
 -4.461602632071512
 -2.660750669016786
 -1.196704774539838
 2.392707603452599
 -0.9099003150307223
 -1.100232474743442
 -2.093807733720087
 1.341500640210104
 -1.465352448719192
 -3.766668194595038
 -0.5060961810472656
 2.477393920315361
 -2.560335963404725
 1.276305072744573
 2.726952572176721
 0.5597951809016981
 0.6620739461270411
 1.859359864450545
 -0.2331581541901533
 -0.08794610550435038
 0.04998676697189249
 -0.004646180646780068
 0.1086940587875836
 0.8062309365247111
 2.90611449639176
 -5.725880946795331
 2.323023998788825
 0.1503927086253515
 -3.8000098233046
 3.207072238100409
 4.467166482952338
 5.742110095209048
 -2.882789989592217
 -7.53404774935538
 -2.431998103631663
 -0.7799654199655554
 -0.257730079462847
 -1.474808601172687
 -1.019986918503194
 -0.5413384043168793
 -0.161938105576206
 -1.672283099051318
 0.9957580688555231
 0.375408758644863
 2.228614580625031
 1.617519064688593
 -1.796150574343449
 0.5184275049428704
 -2.803955798125256
 4.754846111635578
 4.383913771919754
 -3.484174900229798
 -2.953648197559773
 1.632264646824128
 -0.05929632556267417
 -1.490830367046563
 -0.5522167960727865
 -3.830775326622706
 3.292712351081241
 -2.095034285317853
 -0.1530735038235301
 -3.343679976821699
 1.553031530030699
 0.3265492197407001
 0.4506697735154108
 -2.498022992205259
 -0.4746489752300448
 -0.1320202586846657
 -1.692903082183017
 -1.939679746933208
 0.7199425085027279
 -1.910235830189463
 2.364239917320316
 -2.14181029653659
 4.813782058018441
 2.078753159207792
 -0.4156680263023764
 -0.09629407994461886
 -0.1949961955151566
 -1.448868923367777
 0.2236134847590701
 -0.009495579028982725
 -0.03806062052668019
 -1.780941887518028
 1.533765228982074
 4.522479162323929
 -5.321786216807488
 0.538364039675839
 -2.309551155612333
 4.185038915169763
 -1.47320775566351
 -2.089207526307974
 0.2397256892032248
 0.09519379643146968
 -2.51331474157328
 -0.021172250981562
 -1.855644602102898
 2.11361928609232
 -1.853831205823376
 0.8355069090451575
 1.872172645006652
 -2.752246898825254
 -0.1121858806713494
 -0.3084133232531646
 -1.258080756414452
 0.6553168032085651
 -5.583733245254288
 -0.7339002329524548
 4.853587166133331
 3.476093726905058
 0.9487504400608121
 0.04117916906193664
 0.07522692336847854
 -0.6125102581812067
 2.115555240250429
 -4.10705376191688
 2.36263758331409
 2.401056634782745
 0.948115486145605
 -0.9842899612323716
 -0.178374350785297
 1.639673967368077
 -1.293713628672552
 -1.188982868650996
 0.1917407689790803
 -6.286088606495213
 -0.2255277778489553
 7.760967902154047
 -0.7426341198274136
 1.50026642944015
 -1.167055692291552
 -1.672895521927091
 -2.47900585006614
 2.22409370839658
 -2.501177574006834
 2.254616231921625
 0.982912133656726
 0.2102502023541959
 -2.425427333774319
 -2.008958152451302
 0.4641242788288137
 2.447069066017945
 0.7919250810819165
 0.8557530390330172
 -5.611625382297017
 3.773132629951052
 0.04579857666509436
 0.5367421510471092
 -0.2567597852968988
 3.232306448607508
 -2.31547949680151
 -0.6588520382267395
 -2.619828956670781
 -0.8581176864388161
 -2.173469204995499
 -1.085918536660763
 3.902745148032845
 -1.339007488259115
 -4.697545826673362
 1.966948482004253
 2.095369938595084
 -1.839025160951565
 -2.28379334279226
 1.73610708946449
 -2.526288747579478
 2.302382486428624
 2.197557402833344
 -0.04376021749650983
 3.268098486065408
 -0.6693525281952233
 -0.7316292977932715
 -3.91794156838786
 -2.508510151976233
 1.642008283587252
 -0.0935585512907532
 -0.4451997932636358
 -0.8671909287460395
 -1.625156764725034
 -1.168598382873111
 0.4526845373033097
 -0.6241207374584158
 -0.3569822288904623
 -5.694542066010881
 5.944064441630162
 5.627699954400537
 4.312197983217498
 -0.7574239595778239
 -3.545688355196672
 -1.45008301619253
 -1.986419331235747
 -0.2006395022510326
 2.521371217623401
 -0.03507813565135534
 -5.869428547714958
 3.246571862620832
 -4.266152541996137
 1.416413362276017
 -0.599431573409592
 4.140589008961679
 -1.195184462632988
 2.28187155878664
 -3.239944139762103
 -1.199399443111535
 0.2567043828990048
 -1.036978966828679
 2.002239200189802
 3.114331252777309
 -0.5033372731814504
 -1.787367229569686
 1.130346485112441
 -2.376040747880067
 -1.094630315786468
 -1.477709808981068
 -3.772701391904417
 4.380727850883035
 -2.886860072567269
 0.2057011203753429
 2.670985773575984
 3.66975615971911
 -1.037178072608976
 0.3460558896246043
 -2.669783516052089
 -0.2111805534486152
 -2.806346700361239
 -1.112938188634755
 -4.091855750130208
 0.2584638136387565
 3.983228844840378
 -3.965428581672829
 0.3307005612746133
 5.354717759847509
 1.87263856263979
 0.6803840843388769


